> select * from int_metrics order by time desc limit 20
name: int_metrics
time                congestion_notification egress_port egress_timestamp egress_timestamp_ms egress_timestamp_ns egress_timestamp_us hop_latency_ms hop_latency_ns hop_latency_us hop_number ingress_port ingress_timestamp ingress_timestamp_ms ingress_timestamp_ns ingress_timestamp_us parser_endian parser_recovered parser_version         path_position queue_depth_enq queue_occupancy queue_occupancy_ms queue_occupancy_packets queue_occupancy_raw switch_id switch_id_num
----                ----------------------- ----------- ---------------- ------------------- ------------------- ------------------- -------------- -------------- -------------- ---------- ------------ ----------------- -------------------- -------------------- -------------------- ------------- ---------------- --------------         ------------- --------------- --------------- ------------------ ----------------------- ------------------- --------- -------------
1768066611862941952 0                       849                          2832887.58                              2832887580          0.849                         849            2          0                              2832886.731                               2832886731           be            1                v2-endian-autodetect-2 hop_2         0                                                  0                       2832886731          2         2
1768066611627712256 0                       2                            2842735.309                             2842735309          2.099                         2099           1          1                              2842733.21                                2842733210           be            0                v2-endian-autodetect-2 hop_1         0                                                  0                       0                   1         1
1768066610828037376 0                       772                          2831891.458                             2831891458          0.772                         772            2          0                              2831890.686                               2831890686           be            1                v2-endian-autodetect-2 hop_2         0                                                  0                       2831890686          2         2
1768066610635628288 0                       2                            2841740.044                             2841740044          1.146                         1146           1          1                              2841738.898                               2841738898           be            0                v2-endian-autodetect-2 hop_1         0                                                  0                       0                   1         1
1768066610162002944 0                       1155                         2830883.546                             2830883546          1.155                         1155           2          0                              2830882.391                               2830882391           be            1                v2-endian-autodetect-2 hop_2         0                                                  0                       2830882391          2         2
1768066610155663872 0                       2                            2840731.485                             2840731485          2.309                         2309           1          1                              2840729.176                               2840729176           be            0                v2-endian-autodetect-2 hop_1         0                                                  0                       0                   1         1
1768066610109748736 0                       614                          2829886.965                             2829886965          0.614                         614            2          0                              2829886.351                               2829886351           be            1                v2-endian-autodetect-2 hop_2         0                                                  0                       2829886351          2         2
1768066608625660160 0                       2                            2839735.435                             2839735435          0.963                         963            1          1                              2839734.472                               2839734472           be            0                v2-endian-autodetect-2 hop_1         0                                                  0                       0                   1         1
1768066607669765376 0                       898                          2828890.448                             2828890448          0.898                         898            2          0                              2828889.55                                2828889550           be            1                v2-endian-autodetect-2 hop_2         0                                                  0                       2828889550          2         2
1768066607631389952 0                       2                            2838738.878                             2838738878          1.021                         1021           1          1                              2838737.857                               2838737857           be            0                v2-endian-autodetect-2 hop_1         0                                                  0                       0                   1         1
1768066606642817280 0                       635                          2827890.323                             2827890323          0.635                         635            2          0                              2827889.688                               2827889688           be            1                v2-endian-autodetect-2 hop_2         0                                                  0                       2827889688          2         2
1768066606629368320 0                       2                            2837739.016                             2837739016          1.178                         1178           1          1                              2837737.838                               2837737838           be            0                v2-endian-autodetect-2 hop_1         0                                                  0                       0                   1         1
1768066605933194752 0                       1429                         2826890.393                             2826890393          1.429                         1429           2          0                              2826888.964                               2826888964           be            1                v2-endian-autodetect-2 hop_2         0                                                  0                       2826888964          2         2
1768066605920572928 0                       2                            2836738.163                             2836738163          1.773                         1773           1          1                              2836736.39                                2836736390           be            0                v2-endian-autodetect-2 hop_1         0                                                  0                       0                   1         1
1768066605855519232 0                       626                          2826868.47                              2826868470          0.626                         626            2          0                              2826867.844                               2826867844           be            1                v2-endian-autodetect-2 hop_2         0                                                  0                       2826867844          2         2
1768066605606427648 0                       2                            2836716.793                             2836716793          0.77                          770            1          1                              2836716.023                               2836716023           be            0                v2-endian-autodetect-2 hop_1         0                                                  0                       0                   1         1
1768066604695345664 0                       618                          2825883.695                             2825883695          0.618                         618            2          0                              2825883.077                               2825883077           be            1                v2-endian-autodetect-2 hop_2         0                                                  0                       2825883077          2         2
1768066604622134016 0                       2                            2835732.166                             2835732166          0.532                         532            1          1                              2835731.634                               2835731634           be            0                v2-endian-autodetect-2 hop_1         0                                                  0                       0                   1         1
1768066603634003456 0                       810                          2824886.994                             2824886994          0.81                          810            2          0                              2824886.184                               2824886184           be            1                v2-endian-autodetect-2 hop_2         0                                                  0                       2824886184          2         2
1768066603625019392 0                       2                            2834735.425                             2834735425          0.937                         937            1          1                              2834734.488                               2834734488           be            0                v2-endian-autodetect-2 hop_1         0                                                  0                       0                   1         1
> 

 
> 
> 
> 
> 
> 
> 
> 
> 
> 
> 
> select * from int_metrics where queue_occupancy > 0 order by time desc limit 20
name: int_metrics
time                congestion_notification egress_port egress_timestamp egress_timestamp_ms egress_timestamp_ns egress_timestamp_us hop_latency_ms hop_latency_ns hop_latency_us hop_number ingress_port ingress_timestamp ingress_timestamp_ms ingress_timestamp_ns ingress_timestamp_us parser_endian parser_recovered parser_version path_position queue_depth_enq queue_occupancy queue_occupancy_ms queue_occupancy_packets queue_occupancy_raw switch_id switch_id_num
----                ----------------------- ----------- ---------------- ------------------- ------------------- ------------------- -------------- -------------- -------------- ---------- ------------ ----------------- -------------------- -------------------- -------------------- ------------- ---------------- -------------- ------------- --------------- --------------- ------------------ ----------------------- ------------------- --------- -------------
1766342545091342336 32                      0                            0.0445645           4456450                                 -11.53171454   -1153171454                   3          0                              11.57627904          1157627904                                                                              hop_3                         4399241         0.04399241                                                     67        67
1766342545084145408 0                       55                           0                   0                                       0              0                             2          768                            0.11211586           11211586                                                                                hop_2                         7606338         0.07606338                                                     1         1
1766342534855968000 31                      0                            0.0445645           4456450                                 -11.53171454   -1153171454                   3          0                              11.57627904          1157627904                                                                              hop_3                         981996          0.00981996                                                     14        14
1766342534849218304 0                       157                          0                   0                                       42.7819008     4278190080                    2          768                            0.05172389           5172389                                                                                 hop_2                         4289849509      42.89849509                                                    1         1
1766342524610809344 30                      0                            0.0445645           4456450                                 -11.53171454   -1153171454                   3          0                              11.57627904          1157627904                                                                              hop_3                         41808           0.00041808                                                     0         0
1766342524605966336 0                       164                          0                   0                                       42.7819008     4278190080                    2          1280                           0.04820745           4820745                                                                                 hop_2                         4289038601      42.89038601                                                    1         1
1766342524596736000 0                       2                            0.13209977          13209977                                -42.78713344   -4278713344                   1          1                              42.91923321          4291923321                                                                              hop_1                         4278190080      42.7819008                                                     0         0
1766342514374229760 29                      0                            0.0445645           4456450                                 -11.53171454   -1153171454                   3          0                              11.57627904          1157627904                                                                              hop_3                         16083892        0.16083892                                                     245       245
1766342514366740480 0                       177                          0                   0                                       42.61412864    4261412864                    2          256                            0.07823469           7823469                                                                                 hop_2                         4274413165      42.74413165                                                    1         1
1766342514356924160 0                       2                            0.09398493          9398493                                 -42.5997056    -4259970560                   1          1                              42.69369053          4269369053                                                                              hop_1                         4261412864      42.61412864                                                    0         0
1766342504142547968 28                      0                            0.0445645           4456450                                 -11.53171454   -1153171454                   3          0                              11.57627904          1157627904                                                                              hop_3                         13782296        0.13782296                                                     210       210
1766342504135332096 0                       224                          0                   0                                       42.44635648    4244635648                    2          1024                           0.01915601           1915601                                                                                 hop_2                         4248647121      42.48647121                                                    1         1
1766342504126173952 0                       2                            0.11288129          11288129                                -42.60035072   -4260035072                   1          1                              42.71323201          4271323201                                                                              hop_1                         4261412864      42.61412864                                                    0         0
1766342493894402048 27                      0                            0.0445645           4456450                                 -11.53171454   -1153171454                   3          0                              11.57627904          1157627904                                                                              hop_3                         15919227        0.15919227                                                     242       242
1766342493882803456 0                       207                          0                   0                                       42.44635648    4244635648                    2          512                            0.1368786            13687860                                                                                hop_2                         4244757044      42.44757044                                                    1         1
1766342493874931968 0                       2                            0.00844708          844708                                  -42.47320832   -4247320832                   1          1                              42.4816554           4248165540                                                                              hop_1                         4244635648      42.44635648                                                    0         0
1766342483654223616 26                      0                            0.0445645           4456450                                 -11.53171454   -1153171454                   3          0                              11.57627904          1157627904                                                                              hop_3                         16304607        0.16304607                                                     248       248
1766342483647841280 0                       141                          0                   0                                       42.27858432    4227858432                    2          768                            0.1236956            12369560                                                                                hop_2                         4230986648      42.30986648                                                    1         1
1766342483641073152 0                       2                            0.07259144          7259144                                 -42.3952256    -4239522560                   1          1                              42.46781704          4246781704                                                                              hop_1                         4244635648      42.44635648                                                    0         0
1766342473415282944 25                      0                            0.0445645           4456450                                 -11.53171454   -1153171454                   3          0                              11.57627904          1157627904                                                                              hop_3                         12424259        0.12424259                                                     189       189
> 
